Info file for ensemble predictions

numberToSubset: 100, doRandom: True
subset:
[7265, 9877, 9344, 3651, 8257, 1286, 5382, 1502, 3788, 5216, 5670, 9741, 4373, 7664, 2774, 4496, 3023, 1442, 6559, 9845, 332, 1985, 1666, 979, 500, 9242, 3208, 5243, 4815, 7581, 6357, 6826, 1465, 3376, 3643, 3448, 1318, 9300, 7954, 8335, 4255, 4523, 2114, 6273, 9652, 5026, 5611, 951, 7102, 2269, 8901, 8771, 8762, 8481, 9833, 1198, 6373, 3347, 7415, 6324, 2073, 8618, 7233, 6889, 3519, 4735, 2530, 2397, 441, 2316, 7675, 7990, 6913, 2999, 5817, 3269, 2747, 2462, 1791, 714, 1999, 5425, 7651, 3188, 4981, 6678, 7366, 3557, 4311, 150, 4150, 6665, 5943, 7542, 3563, 5709, 7284, 8306, 7180, 30]

useActiveList: False
customList: False
wdList: 
[]

dimensions of raw npy arrays: wd, input, class